{"jointLeft_0": [-1.302015595356159, -1.302015595356159, -1.302015595356159, -1.302015595356159, -1.302015595356159, -1.302015595356159, -1.302015595356159, -1.302015595356159, -1.302015595356159, -1.302015595356159, -1.302015595356159, -1.302015595356159], 
"jointLeft_1": [-0.7906341378376258, -0.7906341378376258, -0.7906341378376258, -0.7906341378376258, -0.7906341378376258, -0.7906341378376258, -0.7906341378376258, -0.7906341378376258, -0.7906341378376258, -0.7906341378376258, -0.7906341378376258, -0.7906341378376258], 
"jointLeft_2": [-1.2339477278967692, -1.2339477278967692, -1.2339477278967692, -1.2339477278967692, -1.2339477278967692, -1.2339477278967692, -1.2339477278967692, -1.2287118200356189, -1.2287118200356189, -1.2287118200356189, -1.2287118200356189, -1.2287118200356189], 
"jointRight_0": [1.302015595356159, 1.302015595356159, 1.302015595356159, 1.302015595356159, 1.302015595356159, 1.302015595356159, 1.302015595356159, 1.302015595356159, 1.302015595356159, 1.302015595356159, 1.302015595356159, 1.302015595356159], 
"jointRight_1": [-0.7836528607770649, -0.7836528607770649, -0.7836528607770649, -0.7836528607770649, -0.7836528607770649, -0.7836528607770649, -0.7836528607770649, -0.7836528607770649, -0.7836528607770649, -0.7836528607770649, -0.7836528607770649, -0.7836528607770649], 
"jointRight_2": [-1.2164944353768259, -1.2164944353768259, -1.2164944353768259, -1.2164944353768259, -1.2164944353768259, -1.2164944353768259, -1.2164944353768259, -1.2164944353768259, -1.2164944353768259, -1.2164944353768259, -1.2164944353768259, -1.2164944353768259], 
"jointHead_0": [0.03839724437611309, 0.03839724437611309, 0.03839724437611309, 0.03839724437611309, 0.03839724437611309, 0.03839724437611309, 0.03316125537177334, 0.03839724437611309, 0.03316125537177334, 0.03316125537177334, 0.03316125537177334, 0.03839724437611309], 
"jointHead_1": [0.005235987964042448, 0.005235987964042448, 0.005235987964042448, 0.005235987964042448, 0.005235987964042448, 0.005235987964042448, 0.005235987964042448, 0.005235987964042448, 0.005235987964042448, 0.005235987964042448, 0.005235987964042448, 0.005235987964042448]}

