{"jointLeft_0": [1.5236724902542715, 1.5236724902542715, 1.5236724902542715, 1.5236724902542715, 1.5236724902542715, 1.5236724902542715], 
"jointLeft_1": [-1.2915436464758039, -1.2915436464758039, -1.2915436464758039, -1.2915436464758039, -1.2915436464758039, -1.2915436464758039], 
"jointLeft_2": [-0.22689280275926285, -0.22689280275926285, -0.22689280275926285, -0.22689280275926285, -0.22689280275926285, -0.22689280275926285], 

"jointRight_0": [-1.546361690635365, -1.546361690635365, -1.546361690635365, -1.546361690635365, -1.546361690635365, -1.546361690635365], 
"jointRight_1": [-1.41022608887464, -1.41022608887464, -1.41022608887464, -1.41022608887464, -1.41022608887464, -1.41022608887464], 
"jointRight_2": [-0.13613568498450906, -0.13613568498450906, -0.13613568498450906, -0.14137167606944342, -0.14137167606944342, -0.14137167606944342], 

"jointHead_0": [0.03839724437611309, 0.03839724437611309, 0.03839724437611309, 0.03839724437611309, 0.03839724437611309, 0.03839724437611309],
"jointHead_1": [0.005235987964042448, 0.005235987964042448, 0.005235987964042448, 0.005235987964042448, 0.005235987964042448, 0.005235987964042448]}


