{"jointLeft_0": [1.5690510241745133, 1.5690510241745133, 1.5690510241745133, 1.5690510241745133, 1.5690510241745133, 1.5690510241745133, 1.5690510241745133, 1.5690510241745133, -1.7627825445142729, -1.7627825445142729, -1.7627825445142729, -1.7627825445142729, -1.7627825445142729, -1.7680185855334776, -1.7680185855334776, -1.7680185855334776, -1.7680185855334776], 
"jointLeft_1": [-0.7155849933176751, -0.7103490188774976, -0.7103490188774976, -0.7155849933176751, -0.7103490188774976, -0.7155849933176751, -0.7103490188774976, -0.7103490188774976, -0.9826203555570021, -0.9773843811168246, -0.9773843811168246, -0.9773843811168246, -0.9773843811168246, -0.9773843811168246, -0.9773843811168246, -0.9773843811168246, -0.9826203555570021],
 "jointLeft_2": [-1.3753195038347534, -1.3753195038347534, -1.3753195038347534, -1.3753195038347534, -1.3753195038347534, -1.3753195038347534, -1.3753195038347534, -1.3753195038347534, -0.3351032296987167, -0.3351032296987167, -0.3351032296987167, -0.3351032296987167, -0.3351032296987167, -0.3351032296987167, -0.3351032296987167, -0.3351032296987167, -0.3351032296987167],
"jointRight_0": [-1.5690510241745133, -1.5690510241745133, -1.5690510241745133, -1.5690510241745133, -1.5690510241745133, -1.5690510241745133, -1.5690510241745133, -1.5690510241745133, 1.9163715719529957, 1.9163715719529957, 1.9163715719529957, 1.9163715719529957, 1.9163715719529957, 1.9163715719529957, 1.9163715719529957, 1.9163715719529957, 1.9163715719529957], 
"jointRight_1": [-0.6928957263575543, -0.6928957263575543, -0.6928957263575543, -0.6928957263575543, -0.6928957263575543, -0.6928957263575543, -0.6928957263575543, -0.6928957263575543, -1.075122792596896, -1.075122792596896, -1.075122792596896, -1.075122792596896, -1.075122792596896, -1.075122792596896, -1.075122792596896, -1.075122792596896, -1.075122792596896], 
"jointRight_2": [-1.3526301702956054, -1.3526301702956054, -1.3526301702956054, -1.3526301702956054, -1.3526301702956054, -1.3526301702956054, -1.3596115139351936, -1.3526301702956054, -0.2216568116743285, -0.2216568116743285, -0.2216568116743285, -0.2216568116743285, -0.2216568116743285, -0.2216568116743285, -0.2216568116743285, -0.2216568116743285, -0.2216568116743285], 
"jointHead_0": [0.03316125537177334, 0.03839724437611309, 0.03839724437611309, 0.03839724437611309, 0.03839724437611309, 0.03839724437611309, 0.03839724437611309, 0.03839724437611309, 0.03839724437611309, 0.03316125537177334, 0.03839724437611309, 0.03839724437611309, 0.03839724437611309, 0.03839724437611309, 0.03839724437611309, 0.03839724437611309, 0.03839724437611309], 
"jointHead_1": [0.005235987964042448, 0.005235987964042448, 0.005235987964042448, 0.005235987964042448, 0.005235987964042448, 0.005235987964042448, 0.005235987964042448, 0.005235987964042448, 0.005235987964042448, 0.005235987964042448, 0.005235987964042448, 0.005235987964042448, 0.005235987964042448, 0.005235987964042448, 0.005235987964042448, 0.005235987964042448, 0.005235987964042448]}


